-970538716
2125372098
2124369884
2117560194
2110312587
-1482032520
2096245848
2096187433
2093107025
2089079515
2073788026
-521742084
2066882284
2066029676
2065439741
2058491692
2057953554
2051427145
2041088688
2032559664
2031257457
2027428016
-360629609
2023090181
2018284327
2017937554
2010715209
2003393667
2002772005
2000990874
1985596212
-614774391
1984012691
1980087691
-743328797
1970263503
1969852162
1960953742
1959377173
1955291592
1954490196
1947236812
1940761910
1937505923
1935248174
1934036207
-129231999
1927883850
1927347747
1924503012
-2033376913
1917270674
1917109088
1913879507
1913173920
1912169744
-295615410
1908823863
1908076736
1906318181
1886355516
1885158562
1880061548
1879632439
-439533198
1865664260
1865656275
1860237395
1851199608
-56237416
1845687871
1843508579
1835794640
-897837914
1833653938
1830589097
1826906276
-707488059
1824950873
1823672777
1818639729
1812439029
1811089894
1809364157
-1362407738
1807255471
1804962084
1798304823
1788763753
-425483833
1784405757
1777355450
1776839664
1772566927
1771306740
1770455146
1769307900
-428200688
1764817350
1763821162
1762972190
1761572843
1761513315
1758335354
1752859857
-446400004
949522687
-450328183
-1692671822
1740325748
1734823676
1734006897
1733435642
1732740264
-785406627
1723900934
1712772865
1707298671
1702531527
1685621166
1684821061
1684346250
1682512557
1673108584
-1251571882
1672343030
1663447725
1659513125
1658938605
1657916513
1657483080
1622834544
466823123
1598917391
-1416290002
1595659634
1594064543
-1053213869
1591343487
1587570010
1586143345
1585702156
1579898753
1576297025
1575448220
1572296413
1570852175
1565303471
1559620906
1554290351
-1039415112
1538909891
-1977398479
1534795943
1786323327
1533798301
1529731215
1529074088
1523080427
1522378346
1516242956
1507526455
-128286778
1499627300
1492887395
-623034848
1484941448
1478991725
1477899753
1477266451
1476079215
-1012056413
1472710488
1462022977
1449865516
1448964995
-553916334
1445030660
-741025683
1432378268
1418123396
1411912134
1411610572
1329166924
1405373334
1403750153
-191410960
863473929
1398114771
1395803070
1385841854
1366523036
1366284323
1360336212
1360159174
1358790645
1003800198
1338411207
1336227865
1330242948
-1905495908
1322655573
1318604430
-874760682
1314605337
1313833863
-2036038834
1312078327
-1774841933
1310575135
-887177439
1304363370
1297439549
1294928669
1287245304
1283613928
1280944456
1279795422
1268943493
1264406791
1257661744
1256648877
1255494970
1252891326
1243173694
1236170993
-486921660
1230372757
1226787746
1226503120
1225149452
1218112678
1216935609
1216224231
1214567247
1212834926
-1705167260
1209594926
1205909196
1203797632
1188470751
1179928364
1178756837
1174754162
1173198119
1155996030
1147572026
1142085367
1139380375
1137896150
1136667655
1135382312
1133718164
1128582756
1124183164
1115657053
-2074022338
1113533975
1096368666
1092566047
1088174221
-1634361925
1083229968
1080581927
1077362764
1075297860
1074103911
1069435609
1069276777
1068774148
1063301886
1061170137
1060181978
1041832255
1034317433
1011231459
1010076955
-660515511
1003112278
994588116
994192528
985844678
981530398
981355078
976282411
971773197
968238489
968121637
-1074697749
-1418213868
-1137553997
948735905
943724224
938065448
930925755
928522630
963293818
916263933
915217990
912803716
911160025
910796384
904687570
903150864
898091252
897533314
895346468
890778266
882571318
874952463
873148969
-696405999
862951827
849334050
837348283
835781950
834687535
832320938
831371527
829002948
-2046881629
820079753
814413122
-1079276547
804946903
802645380
800524959
794938179
779877068
775932780
773525814
-1511769043
765784038
745456148
740640903
738644244
729954770
718475769
-985270994
703279818
702821557
702751984
695339071
682165662
681530697
678062407
669488642
-78251891
665009130
664605904
-359825487
-927637931
636922488
629068192
624411566
-1676081824
620198609
617278585
616049677
610024953
592047320
589277338
578133547
577014321
574841055
565488539
562397300
561621453
561245488
543229912
542254415
539602367
529016296
525759273
-2086986181
516387019
1114325241
491342898
489875022
-1526708671
476644500
475880091
472808329
469490307
467263951
-1494353202
466782650
466599213
462798503
-1700098645
454056220
451046520
448233007
441557449
439062308
436472145
436104924
426258637
422064391
421232206
417938804
-1140870879
409113614
399045258
398376849
397997830
392526738
-1680571399
388580361
-465634027
382919022
382211389
378798095
378315922
353746112
-1348697420
-47506715
-2057502128
342038324
340267658
338412845
332539959
331414446
322451982
-963701996
314706756
301157168
300412198
297576123
296424661
296405494
295210714
294757134
290047692
284464990
275471363
274443286
267429517
-1544656810
-469769536
245324431
244600085
243256489
242087607
-327182695
-2060414280
218028858
210978167
210619824
-1422245446
200571880
185409106
183652028
-415646920
-482740460
174544237
173600836
168461300
770468715
162963700
152761868
147420780
146656334
137813274
134849097
129801474
129476288
124151210
114332766
110335131
-734353984
106462623
94443344
89591418
87995118
87268645
74940761
72471609
68031332
65763509
63901892
62743178
-1125527508
61385607
60722634
54860367
48381222
47800145
40151711
-1825459505
-1664192664
32181754
30041702
26774931
6236023
3561244
3416090
3232498
-760232078
-7755588
-10982696
-12458758
-18113940
-23702885
-27866319
-31112024
345279393
-47859604
-48298034
-49163878
-50165389
-52782347
-52932361
1847318824
-56323525
-58535760
-60425462
-65074320
-70198551
-73854394
-75350555
-75862450
-76121901
-76384117
-77196483
-77374343
-77411020
667921757
-82377220
-86168280
-95886690
-99743728
-104992215
-110786761
-112779481
-124682816
1505265140
1930462985
-137241505
-145913231
-163371898
-170161281
-173041455
-173042750
-181685821
1399959561
-196925231
-202985103
-206960786
-216001301
-217778741
-218097389
-219975992
-221307737
-237623672
-241896129
-245884199
-247775559
-255108839
-261272631
-289611349
-291661122
1909748377
-301057708
-316045062
-320086446
-321247841
237629382
-328557559
-331640695
-334713520
-339085884
-340093537
-341244953
-342268552
-346885206
-354481824
-355714480
-357637338
-359131926
654340642
2026932281
-365675583
-366543737
-375506838
-389922799
-392757415
-396023856
-399854825
-408519589
-412482868
-412662816
-414656495
181854746
-417707795
-417756477
-423002900
1534341334
-426705221
1767504109
-428842914
-433503272
1876330771
-441574323
-1757310802
-449279645
-1393906734
-459202637
-734423798
386896529
-469538455
254835696
-471679045
-474914555
-477889489
-480704754
-482085355
178267706
1234648789
-487213892
-489339808
-491129008
-491270736
-493189052
-499706189
-511575526
-514541065
-514810906
-521632049
2068195690
-527754481
-529122479
-531750749
-532173125
-540963626
-1121422759
-558499660
-564944866
-567055775
-567079246
-570052647
-578370267
-583463310
-586760174
-594224770
-596661128
-604357267
1985123872
-614812405
-615368957
-1575824727
-648689589
-655797281
-657479134
-660347483
1356373046
-664480428
-666990756
-667365672
-669267376
-673787689
-683898092
-689526250
1399167507
-697293548
-701142062
-704196474
-706726141
-706824585
1825086813
-711111277
-719145340
-721482826
106838505
413697664
-1478731168
-741038322
1979899829
-746928890
-7265842
-763043360
-763867968
-764341638
-775046669
1726998411
2144364433
-789628221
-792018442
-796205711
-801819843
-803266367
-806652871
-807011830
-808610970
-810838591
-812881595
-813300683
-814186363
-815165188
-824924215
-826704984
-832422467
-835376690
-841903890
-853376464
-857569565
-860651409
-865831628
-866756121
-867774121
-868155311
1316207025
-885586360
-1189080397
-888287661
-892910053
-896919098
1835423000
-898037764
-899857573
-1661648446
-946291274
-949002189
-954041091
-959606143
-962875615
316675916
-969552909
-788836252
-973525653
-979314641
-980062033
714987345
-992309991
-998927724
-1003184339
1475688343
-1012130881
-1021901009
-1029824274
-1037245416
1540235005
-1042795336
-1043133622
-1052619552
1593740495
-1056937839
-1060561497
-1063256960
-1063804136
-1066629965
-1069269697
965014397
811974219
-1086839131
-1086993541
-1104896942
-1108540034
-1114689422
-1115099964
-1119773860
1446677631
-1125137001
1307018259
-1129613780
-1130403399
1748355656
-1139185617
-465077587
-1143908685
-1155343732
-1160583897
-1163230958
-1175011412
-1183046382
-1185260789
61688618
-1198177283
499029047
-1202303369
-1206492587
-1213702425
-1214034898
-1221765258
-1222635007
-1239985824
-1246210508
1672926303
-1263520641
-1272361217
-1275446081
-1280773741
-1284076873
-1284097336
-1291770735
-1297018022
-1297401125
-1298485408
-1300755650
-1302563911
-1303196450
-1304176800
-1308709947
343236624
-1322668988
-1326471298
-1348489745
349296168
-1361685229
1808007811
-1368148872
-1369208106
-1374185660
-1374737286
-1374794686
-1374995973
-1376886185
-1381103476
-1384802692
-1387444352
1747752522
-1395832902
-1398117206
-1401133884
-1401934712
-1405208811
1596317901
922045727
210270948
-1436218244
-1437364323
-1441387032
-1442524377
-1450155115
-1450394794
-1453584912
-1459034469
-1466861255
-1468412328
1441866623
2109297593
-1487861692
1621896553
-1496646705
-1496964160
521855438
-1506569999
164966622
-1512206444
-1513123862
-1516784151
-1518380181
483190947
-1537336863
-1544414861
265478473
-1546331478
-1547091669
-1551843072
-1556508980
-1557396746
-1563426665
-1567454529
-1568414024
-1568501708
-1568515341
-1569112543
-1571124176
-1572963632
1490520102
-1581158752
-1586361721
-1587323744
-1591490567
-1595972381
-1596767390
-1600421111
-1601032403
-1608393299
-1614067276
-1621003862
-1622801573
-1623949813
-1632237753
1086608749
-1634537086
-1646717533
-1648530498
-1649815562
-1651539088
-1657666466
-1661529543
647968168
35302074
-1667432573
623403315
1406390362
-1683027776
-1686355898
-1688324321
-1689852943
-1691868693
1742147071
-1696929989
454131185
1211501689
-1706897874
-1716357264
-1716532986
-1717428007
-1726462533
-1732389214
-1736426703
-1738510006
-1739616768
1749063769
1311014762
-1778809200
-1783223559
-1785795683
-1806082328
-1806664628
-1814294073
-1821554335
38730983
-1830515566
-1830524215
-1833277235
-1836100581
-1837449718
-1837801663
-1842109733
-1846144647
-1854070859
-1871522727
-1873229646
-1903181299
389438806
-1906159163
-1925624114
-1936802960
-1940995282
-1943633078
-1949921294
-1952175322
-1955381800
-1962090856
-1963076634
-1965655098
-1966524845
-1975701882
-1976442592
1537564924
-1989079351
-1990475473
-1995770450
-1999998886
-2000973703
-2005611983
-2006229235
-2006318962
-2011771182
-2018844481
1921499344
-2033439654
1313598695
-2038330516
-2041172600
-2042087454
-2046274649
821940258
-2048803573
-2049398176
-2051767811
-2052650881
-2053411243
-1321935725
236831609
-2064060716
-2066710978
-2067416223
-2067826642
-1200431728
-2077178383
-2077661245
-2080509987
-2083413682
-2085954266
-2086577543
-1499732989
-2088083039
-2088450236
-2096768358
-2106228881
-2113857178
-2120945430
-2121428537
-2132673567
-2137985974
-2145087039
