973177957
281790469
2016418503
-1337761827
-918004362
1546224663
-1074458377
-1702337746
-1167953381
-1684960982
1765247263
2099437854
1855233318
1815035681
483332831
-1095841900
-378634348
-909260377
861143557
-1088821629
1263670441
-757435517
537172309
-1538048675
1990059097
819067696
176921997
1000156106
-715294742
-1940024148
-697396061
2063956373
1031402710
-480398192
109720912
1866557926
-1130429963
1953364064
-1939354927
727403958
832985819
1347338276
2124321004
880953726
966702462
1666600247
52448304
1814315569
816373276
-388728226
310420097
1619338605
355478875
91316508
2084239315
1602617580
-1666073423
-1656717245
703779637
-1954439872
-23593722
331823054
-1259925487
1582010303
166106006
1221504494
630218674
-2051409989
1338810652
-238653086
501735173
1458658038
905041708
368995595
-1285897053
1831687508
-239796256
2035548351
440167182
-1925705774
-136782921
-1101573284
-1177011398
-210914634
-1400473159
-341102048
-765904049
-1773648120
-732271139
1236472120
349521325
641973056
-760968785
-1832386154
908471344
615579456
1767373613
-1704546297
-283423820
-116757628
-559680014
-1672101500
473060315
-1765087337
-250918250
-1528487737
-592558323
-538147896
1330876499
475795745
147846848
1095399965
-1274362644
-1430971766
-110919687
158190216
-957577527
-215735559
202017809
520808024
1600015718
835995894
937646524
636100338
885801966
-2028973204
1370018375
-430191680
-635000286
-1159607613
-1117245664
938761064
-1688608896
-530575570
1923937179
-2091137983
1687780512
1772748865
-1630781710
-1681979390
-705093920
-1172698683
1409596046
-1641431364
-2141992381
-319968817
-1816614780
1324932361
-1657993834
-2003385329
1650185825
586623365
1615140052
-209824155
1023899690
-2050550403
-380897845
1264935609
1195519902
-1186665242
1689584382
1711940107
1806353341
-993554032
-1100521267
1032115400
-937931635
-1227541093
1982175443
1848689760
1839912731
189057321
1581844367
472599060
1534313919
1646006101
-401342395
213643028
-955420508
335908451
-676869338
-912918072
636340871
1194905399
-354819666
-1575682963
-457699905
1449304075
-336196275
-2036647708
2072884604
-104706468
2050051145
1431432646
1201620819
1015811109
1332453602
-621223749
-1220431623
-588254129
605892278
-1217152500
1591033422
-148348313
1496140390
-1986460299
907504541
1927909777
-96968838
1504701504
-951511006
1907865276
1404293249
-1689846642
-2010719028
1128794646
2108503420
1323274743
-263615677
778335170
-1076585347
-1618037931
1969297707
-1609510968
1549250698
-1184007715
874281898
992738637
118352582
-1061137042
1219835688
1874210051
1674850770
-1738685907
1279108949
92873442
1274579824
760365905
-264420497
-1444520169
628933737
-12011717
-1458150716
-1928699332
1107374769
-1508157239
-446347914
1681096906
1687614920
-966589974
-1656724098
1484650955
936073570
-1239448715
2084459506
584991955
-1909178807
-1997724106
2091230858
-1667380432
-908087934
904440138
762296672
-1588756384
679934382
2040811948
-938522378
912592323
92803763
1101389583
-1434965891
1828488593
1571680155
772700653
1039505492
1987694861
503001787
-1232408865
271646926
2095730170
-2076677097
45861679
832771384
1045712718
943300101
-1591071061
1472570137
1725134117
-840636401
601319099
-637759045
-1693577224
1010727965
-1010653514
982570474
-222231794
324813267
-1767804560
1635802619
-587015631
207998008
-2135128041
429013519
-1800010075
166430103
-643009985
1632535705
648902486
-30788183
47051578
493735709
-1014628273
243156468
-755498835
424417081
-1872083597
-241407891
1904348767
-1339586583
991829094
391873636
-868039852
666077957
1242143179
-281670240
1578920986
-1509101809
-137675340
1281829321
791527010
-1163647701
-1772358826
-974501882
1511178705
-411116690
524736508
1005194982
-1945439720
914519898
404880702
-1114258301
-711528895
831337641
462723698
-1608346396
930171212
339471433
-1425383071
338713251
-102019078
-1885943896
-486872515
807390671
1945098215
1254057009
-291018030
-1503511277
813394910
-2074137835
-945804036
78198039
-1367709336
-281222834
-1132038056
-698435034
1827857318
1967961056
815194942
-1338705904
-848732320
-671202207
-36487442
2116455505
499956829
-826246724
1298305800
1194249842
-215556108
-169141967
-1204757439
2090056367
-602606365
-2068157537
742359636
1007772377
1591956574
-922127611
-1263355595
919669117
-1873384341
121336902
-1699266164
554978118
1189820268
-863119061
-685818783
975108767
-940631811
2115481262
-548665837
393253276
-1585957888
-145996939
384191630
67657242
1665437173
606775964
-1438329668
-226636764
-770206834
1973167799
242590523
-647466344
-1701653886
-434126570
-1830519727
-618019319
452983969
-1845391030
1087696668
2128909799
-1806727128
-46106392
362110989
-1903380515
-2098167466
1512920972
-2001484137
-1749318278
1834705214
452655905
1322521122
681316370
-1720517154
-299478946
-1621923259
1779183334
-1602492559
-569206893
-1646084555
-901919870
614188801
-1884446299
1291212663
-906620826
802656831
-1230218922
-242261027
1346264552
1285597334
2016419017
-1614828881
-147510952
-798085763
313109317
-1063853785
-1091884443
1256272908
869706552
2032947746
1260092094
-1664643118
-1476195201
-1771123435
-61633540
-80060699
-1064842524
-577761219
-1358293058
-2125291207
-149629721
-1400888806
-244158955
-272666315
-135521599
-1270854115
-171194846
-1439780477
-1425012315
1058846879
818050302
-802012121
-607652024
307674645
1551052505
-1218896173
1392591267
750358914
-822167963
-539701128
876357367
-1120547284
-1449222540
1635339296
169843217
-180883310
823263711
2104364282
-1883269425
1295575708
-1673308758
-2033915978
173390562
1581729556
813087077
1385962771
484714197
1010470997
-1654494764
1287029173
-801707187
-651563455
495532498
-1328689349
104367761
920268663
-230083214
546337425
1808938572
1164358085
-712060058
1266510722
-254205550
984341980
-12625756
-437907056
-703226080
-751752638
1483952710
411488775
-25027609
1723586956
-2067510863
-1884996785
-1498192437
-1751980085
142546681
-1598887550
1010065063
-418391226
599684484
-1252382658
1388010388
-610309015
76005100
1943166395
-1228950421
252721406
-549588951
1940362015
811222919
1329395354
-614638353
-989745648
-2033977905
-1979525031
-994790059
204287883
-663659789
256646093
762724791
1827703795
100353524
-2080247502
1573288156
1180069997
586659306
-566742297
-1340386214
-1320777366
132079361
-786915303
286394168
-2016698748
-413664316
87723713
1805056725
964630414
1610346141
1668237519
563492361
-125878555
-566495332
333088935
-64449911
-1965632244
947913335
-726546228
-1902877552
-879638152
2121814225
443833050
331249850
1042558119
-1142913857
1645836729
-1340961742
-209342602
1930055559
198232847
2025366287
-474659916
1553844394
2110063606
241099003
494776817
1415164196
-1458068241
1144375317
848115868
-1770117391
55050517
-1657339368
-864057268
-1557099309
-1163459435
816650172
-1315262115
1557113426
815558237
896842332
-755706177
-1608824828
1603891475
1607893976
-2101233142
-1987916786
-1075843256
-496873284
904164564
2116197098
-318454035
488872097
1490219846
-1993326487
-511254523
1511549139
-1164049427
-1676565253
758903451
-934615757
-355856179
811324206
1643067383
-1031310497
-53357125
-474345100
-828540148
1101526031
1743628268
512119849
-126010317
-1223774526
-263249208
719866835
2025380894
-395193447
-1985327612
1407226794
-1716780538
1556264833
518164719
1979303003
1305784615
2030710424
-515700981
-1498321144
-1464090259
902146249
-938538530
1212630163
-1776308369
-538512200
-391052278
-1782518500
283637660
1314049253
1167778203
-1026206777
-250187597
1675137803
793555360
-1923454270
-1588635272
1348459977
-1121235716
771533702
-1326969436
1622064260
-1273358723
347592540
-2114480612
83219850
879241261
-1359168478
-219969434
696107643
550666728
-2115501746
999745880
-861712668
-1839067858
1453998387
-1623718126
-1878622932
570788410
-1031671165
-1760723411
-1565887053
-164316589
1789650452
-1181622732
-50150345
-1981064351
2142723302
-1934057134
1355581306
270518466
-956892571
1398696781
-78088415
1153586526
1687688938
-1760967758
-1814764577
-678448392
2038314631
-4145326
-1770711598
1725037255
-1785157629
-16036628
323333420
231811909
1178898467
-528410325
-229381866
-982700218
2024662315
616381906
952629456
2053685835
-1773789533
1115762741
300989212
-1651653097
-980443810
1483973354
641830876
-1287070333
1877544888
1199525569
-685170694
-1008508786
1978947102
-1784621328
1135755143
-1872757320
2078845906
1244806290
-447853018
-1150313329
-1781000209
1387631954
540719531
523851145
-974361941
-2130183837
904496894
-653683948
606096092
-1526670157
-1410398907
145338347
-599976003
-485406881
-579530942
1264756395
741253873
716808552
576093944
-540891483
776603335
2044986791
-1274300524
2019992053
20257982
-2003021826
1471900043
-1098503981
233855052
444488400
1414591743
-1575934424
207423962
-876208206
2108427879
-367767196
-2085204461
-160125086
689146221
772958606
-283955874
-1413991177
-581997030
-179466852
980201384
-1779140518
275561520
1021134340
-754259866
2074907636
2020573398
-31255662
585645786
-1838820952
1901994618
1979225980
-1580566892
-1784225021
-61143310
789555379
348470331
-659167054
2133850084
279833211
-2049820019
753597748
-201266840
-1552762819
-1654195293
1368667855
-871233813
695171740
-2018436487
-1060940600
-1327027626
717732293
1655015597
-1926460467
985735534
1703903499
1368910983
-608098890
-186686083
737404850
-86287559
1999104108
-718067406
-1071459574
608039783
1725986857
10150085
388253119
-532341784
654190817
210479198
472436847
-802657586
-1690701057
1300245687
1777727357
837122211
-1746763948
1826290175
-514678236
380052470
-2010350004
-479963903
1189275342
1214187797
1926544994
-580255099
2047068326
773337627
925414869
-318136074
103594604
-1049214164
480342939
479492164
40237703
1162127103
-1316476010
-393878517
-205513632
-1993506916
-388312571
1148435444
-643149075
-907518106
-1877312964
-1829609893
-1563799413
-1817375140
-1441502057
-874757838
265408528
-424222821
1196566444
2030513444
-587523296
1869175590
-689192769
-1519417603
-610852417
628047850
372987770
-393983160
950859560
-1824972293
581406941
-725311431
1565771740
1641097507
1504071027
-662036019
-831677187
1347269534
-1216868666
266947631
-184909605
1116004638
137347092
1094953054
1537267919
-1673573868
933353025
-910319861
1518405703
1028155185
1192295184
1166284231
1563930914
2074045738
1243461517
1340881501
2035492158
-1007443781
1524748749
-2093342596
1387650382
-1312594193
-1099476518
2105611673
-928446224
-1742367331
-1296670233
-639971565
1728023550
2126039093
1123319243
-513747305
2077949219
1806482620
1866638764
-131737403
833190321
-1600783084
1062176762
505592339
1863082674
-470001535
-1829906785
216372721
549803836
-2120683160
-1517405324
-1223750610
633864201
-817831080
-83910666
143425690
1617199175
2026227022
1908390969
1950626027
-1972920405
-639267788
1565597980
-137214748
-1035271733
1190629803
548090301
105135283
1583414957
1537000202
-919879633
565338522
1032646810
-2037039963
-1665580694
-1754456878
1959922488
-482486959
-1790980989
-1116841813
454037463
-1738777049
-6137572
