-2144740246
-2144305669
-2143117860
-2141021913
1077100016
-2130202604
-2127278813
-2117523258
-2112451882
1927202186
-2095109253
-2093952654
-2080288696
883865747
-2075560833
-2074417728
1769762210
-2066693828
-2065530015
-2065081562
-2059192369
-2054449032
-2053113354
335466717
-2045128086
-2028842599
-2022082787
-2018866018
2119652670
-2011305132
-2010172288
-1998221061
-1994508973
-1987102533
1612795068
-1985116524
-1983765735
-1974316986
-1964680336
-1956320043
-1954573562
-1950294247
674662239
-1932238789
-1922601840
-1920165161
1763686119
-1909140160
-1822108371
-1892230243
1100314845
486470218
-1880035889
-1878796335
-1872019359
-1871170181
-1863719335
1028302909
-1856267167
-1847948754
-1847584314
-1845159078
-1844613854
-1832627690
1896168613
834962280
-1815784003
-1812943245
-1806076960
-1805494055
874558248
-1796561595
-1794708490
-1785031847
-1766973200
-1760051768
-1755220276
696177549
-1751039945
-1818431349
-1746050538
-1744133755
-1743607041
-287274955
-1733888581
-1722212096
-1717589348
-1703830327
-1698810694
1526034113
-1690886250
-1690149564
-1683060767
-1680430868
-1676139011
-1674354103
-1672614626
-1670724791
-1669223319
-1667441131
-1667312062
-1662529708
-1659288199
-1659136075
911643525
-1654481689
1146641835
119238238
-1637410252
-1636756967
-1636029102
-1635356191
-1632739340
-1632298961
-1631788130
1404990735
-1620257272
-1612457090
-1611646106
-1610434553
-1609758949
-1607114188
-1602853087
-1600152178
-491299468
-1587540535
-1587281404
-1583750198
405581840
-1564427149
-1562119771
-1559694109
-1557832425
-1546006684
-1542373914
-1540233945
-1536418599
-1535489840
-1526168006
-1523227980
-1523183834
853135084
-1522581311
-1522240691
-1504912492
-1499156252
-1490082462
-1489330480
-1487617344
-1487440612
-1485088405
-1474095595
-1474084571
146809146
-1462004121
-1460984662
1172315408
-1456559376
-1454533517
1888986792
-1445771970
-1438866483
-1438527169
-1436870039
-1430434028
-1430086534
-1429948951
-1428431842
-1428120037
-1422682721
-1411523086
217267337
-1401378293
-1399149324
9698178
-1382591270
-1376900877
-1375131288
-1370572254
-1362921435
-2077036974
-1355418546
598931887
-1351037905
-1350645307
-1344325325
792795283
-1332967646
-1331589251
-1328874254
1868891970
-1317920088
230230467
-1313048928
-1303910347
1220019792
-1298021588
605420327
2059452318
-1285681412
-1282292985
-1277949007
-1276448623
-1267744774
-1264689345
-1256536241
-1254506637
-1246574947
1643892298
-1234693985
6704640
-1230611895
-1225653255
2144791056
-1217844990
10601694
-1206876771
412538738
1859042810
-1193077075
-1190802033
-1190559948
270841582
-1184039570
-1179188990
2006924651
160002163
260724544
-1169097149
-1163613197
-1154955011
-1148205960
-1147904456
-1137988163
-1136238465
-1134335234
-1127912313
-1124887838
-1123469612
-1106084720
-1100013932
-1097869242
359602366
1404678436
-1090843424
-1088978654
-1079583336
-1079414763
-1077500965
-1076293528
-1060639203
-1055165978
-1051001803
-1050919172
-1049352985
-1048749963
-1048495520
1313144204
-1045163082
-1043981630
-1028730309
-1028481858
10040291
801583089
-999885651
-993862198
-990852682
-986962455
-986612818
-984686518
-984397797
-980804033
-975187097
-952414832
-944685911
1399326184
332440304
-921711120
-918534179
-911351655
-908106810
-906621550
-897017332
-893095159
-891465284
-887157769
-886816214
-877781691
-876297628
-875513834
-874120074
1077810262
-862762569
-849977435
-849507571
-846287254
-839155706
-838425042
-833245472
-829275270
1780894390
-821964789
-817530158
1102576375
-805245025
-800225732
-799393371
231209275
-797568906
-796363939
-792157624
-782500885
-782192393
-780108728
-772972115
-768873933
-767731075
-766667685
-766477657
-762765265
-762315297
-761955860
-761732262
-761722209
241218747
-1187548809
-738218558
-729339808
-728275043
-720335494
-716404608
-712112787
-710380274
395297003
-698667491
-693923050
-673202063
-672128959
-671754830
-671641595
-670545151
1929490989
-663395838
-659756761
-657881202
-655367607
-655055757
-654995447
-644329754
-635987234
-51213144
531267690
-614553486
-614383422
-604695958
238279224
-595905528
-587985122
664222854
-580738137
-575182862
-569932662
-567179177
1208481429
-552630572
-551793803
408713291
-538502475
1239146223
427978818
-525715830
-518074531
-511751004
-509154286
-501654290
-500070829
-498737846
-1657998570
-489070354
-488729990
-483529966
-475773777
-473921543
-472492195
-467992881
-457568871
460258902
-454129579
24646437
-448926144
-448914027
-441191941
-439058852
-438351502
-435324652
-432400329
-430335024
-428528396
-422545849
-415012351
-407229341
-403351665
-400701624
-390969666
-378263937
-376832317
-360301696
-358696734
-354101413
-352407802
-348736449
-346328878
-343594245
-341861445
-337010472
-328089973
-325943482
-322288786
1494077746
-317377521
-313645644
-310436044
-305183557
-298218529
-289876465
-288801169
1508951885
-279796793
-275413316
-275186180
-273157975
-272076794
-267133828
1846396315
720517573
-258780962
-249378020
1108051318
-235827544
-233888909
-229272679
-228819662
-224143162
-219692132
-217250387
-217163820
-211551371
-203414375
-200916737
1089053248
-193165180
-188956747
-172064697
-165804607
-165382550
-164687234
1878209979
-154054902
1878432024
-150955825
-149126332
-148044369
-195747459
1020810501
-136182223
-128928586
1062069797
-120470534
-117481806
-111659660
-111210692
-107535204
-105605729
-102904964
-99267711
-93536054
-88117254
-87153820
-85569479
-78976991
722811514
-77417261
-77110922
-76017816
-71620778
-70553044
-63712241
-61325745
-59897984
255234361
-49239515
-37706860
7598406
-26715664
-24895720
-21509003
-10860083
-9489727
-3216002
-2534685
-224569
6567611
-1232866070
-33515077
-1397425002
-1024454914
-1214075607
19448806
-450364220
33181274
34772039
40360782
51986738
55379384
56594963
58697213
63930818
65334665
67280773
76403237
76940930
102601424
107669001
108721223
110861376
116889269
-1640875854
119273638
120618834
124284496
125773395
133873181
-1473275763
147772631
148460455
152010499
158304553
159984946
-1173817105
161288457
166641771
167739881
170219643
173207915
175706712
175932202
179331423
202495258
208925655
211220889
-1403099558
221031812
227678185
-1317777289
-797670296
234118464
234878537
-602347190
-760159486
241852387
252777915
-633994634
1662970443
268903748
-755420394
275372482
283048747
303710399
309682434
313740707
315600687
320964524
-927848400
334345596
-2048639712
339301174
354442948
-1097818256
362095997
364966896
365240264
368939157
370551766
373930122
381118749
381652838
391262823
393471928
-700896216
399536462
403461398
-1566442490
405833443
-543264256
-1199786605
414843314
418255137
427871475
-527040891
429269968
436536120
441007698
441230545
449971212
-2073062438
-1889943414
458684219
-454567610
469863276
475009509
484701812
485090071
485924796
452076334
487362730
490803143
493104527
496756550
497343806
511617790
513255929
517811049
520995186
525620473
531255797
-628494779
536292903
539882462
540292921
543164254
545180282
553049108
553886224
559285434
565482640
571439420
572151215
575034301
576120013
584784769
585974430
588459008
-1354063316
604862683
-1293379280
617750610
619084250
621606108
645319960
645643760
649357535
657461938
659039329
659684606
663428668
1322197292
668196450
668690804
671832287
-1737644311
679092106
679920402
681072972
690650468
694823954
-1754455731
698976452
702862720
708691687
711287628
716123434
-263515462
-77842010
724705022
727029285
730912494
733465083
739130125
747750379
761147138
770368208
775161568
781553628
781987025
787348290
-1340687931
792878862
798832050
-1004351287
809114094
810260204
814009680
814429145
814714393
815695763
818263766
819720118
821331695
829235009
2043811362
835380463
840807058
851533686
-1522806012
856279240
857482831
872622553
-1799625892
875278058
877070399
-1360874745
886699309
907922935
909075036
-1594018907
912021350
918270121
925370018
927660148
933346759
934656038
947343933
951414798
953396618
960527776
961901261
962410441
976504788
982472459
985150894
995733665
-138987857
1021408059
-1860330530
1037576656
1048169912
1050622731
1051753331
1052054081
-122169216
1062665696
1069656330
-266719040
1076410267
-2138038890
-870838747
1078268522
1080052896
1080109930
-144653257
1093951773
1094169533
1097681969
1099783682
-1891497715
-812830429
-245151810
1110173760
1113164045
1115147184
1118885960
1126365287
1131670753
1136239190
1137577982
-1652709088
1152412949
1152741973
1156570060
1158500064
1161368725
1163731116
1165873563
1168172517
-1458948837
1179874689
1185827902
1198463810
1200515227
1201572476
1202878488
-1449788280
1204260347
-556887769
1213383524
-1298995677
1223912918
1224065616
1233669157
-532414638
1240903046
1251556432
1254736648
1255928158
1257587828
1261543844
1261571581
1278648086
1283605661
1291757745
1300380873
1300607976
1309201864
-1046211910
1317306497
1319541935
1320849771
-586185634
1323771477
1324170152
1341957455
1341991325
1343106674
1344329207
1351210079
1361292163
1364019363
1384526425
1387977772
1389093113
1390618158
1392630682
1393294363
1393545096
1395609773
-941786158
-1091125714
1404906406
1627518731
1407466711
1422421427
1422906795
1426574394
1426921769
1427235428
1434870781
1439822868
1442002677
1462945968
1466159742
1467510058
1486970013
1490885221
-318907233
1497034108
1497570288
1498929673
-1946817034
1509663169
1510430647
1512220831
1512606471
-1698572595
1533029906
1543315146
1545227451
1552312932
1552538982
1554031796
1556516752
1562408752
1566499163
1566878987
1570490017
1575237737
1580254423
1589381971
1590086725
1600690170
1601510149
1610285348
1612103390
1612293235
-1985820721
1619405142
1624708595
1625785167
-1620615290
1630743534
1635163011
-1244373693
1654427479
1655706202
1656729360
1659657867
-1172452418
1665572829
1668003398
1672779124
1674730899
1678458692
1685326093
1687967297
1691445504
1700537509
1702946137
1706304499
1706747179
1707597225
1714379971
1714837122
1725216583
1725961884
1738777812
1741269864
1745238649
1748920208
1749824126
1750741115
1754723649
1758697368
1762452551
1864535978
449994537
1774210566
-828500560
1794399442
1796392010
1800630561
1802698203
1806753278
1810224016
1814200133
1819229983
1073861678
1856892234
1858821402
-1197994820
1860411763
-1919057406
1868837214
-1325364366
1870790547
1874034839
-161814701
-152550009
1880999409
1884756593
1887086966
1203971405
1891262178
-1904161859
1896830130
1905235305
1914432958
1915648257
-2103743641
1927439171
-666180467
1934227342
1940056600
1945470453
1949736350
1952327296
1959125890
1960872442
1963541010
1968106262
1970854590
1988182278
1989196234
1990516308
1994733864
1997683946
2004310986
-1178763533
2007585092
2010183651
2011735608
2024297375
2024741803
2028898190
2032011991
2034895993
2042763305
-1750452505
2050090309
2050295242
2053773985
2057802456
-1290015012
2060129567
2061776363
2078779379
2079073208
2082590706
2083949726
2092849445
2111640292
2117250929
-2013206722
2120593391
2122637348
2125315956
2127142833
2139299194
2140367857
2142880201
-1223630183
2147126291
